[image]

width
640

height
480

[narrow_stereo/left]

camera matrix
685.497916 0.000000 388.935535
0.000000 686.449180 231.716787
0.000000 0.000000 1.000000

distortion
-0.479980 0.206200 0.002756 -0.007868 0.000000

rectification
1.000000 0.000000 0.000000
0.000000 1.000000 0.000000
0.000000 0.000000 1.000000

projection
595.191467 0.000000 401.969765 0.000000
0.000000 641.671021 230.949007 0.000000
0.000000 0.000000 1.000000 0.000000


D =  [-0.47997953377832675, 0.20619995235491065, 0.002756129175344139, -0.007868117199553038, 0.0]
K =  [685.4979158732804, 0.0, 388.93553472754706, 0.0, 686.4491804058712, 231.7167868108757, 0.0, 0.0, 1.0]
R =  [1.0, 0.0, 0.0, 0.0, 1.0, 0.0, 0.0, 0.0, 1.0]
P =  [595.1914672851562, 0.0, 401.9697652817995, 0.0, 0.0, 641.6710205078125, 230.94900664707166, 0.0, 0.0, 0.0, 1.0, 0.0]
# oST version 5.0 parameters

